1273.350 | 1260.340
1264.740 | 1255.070
1257.250 | 1250.260
1257.250 | 1250.260
1259.390 | 1246.080
1262.340 | 1253.160
1258.960 | 1249.780
1262.230 | 1252.540
1264.930 | 1256.670
1265.410 | 1241.440
1269.440 | 1249.890
1277.190 | 1262.170
1313.010 | 1266.970
1319.650 | 1309.360
1328.120 | 1313.270
1325.830 | 1316.050
1327.580 | 1318.040
1339.520 | 1324.760
1342.160 | 1332.750
1340.570 | 1333.830
1343.720 | 1331.240
1336.940 | 1307.890
1317.930 | 1312.070
1318.470 | 1309.490
1318.080 | 1306.280
1327.870 | 1309.310
1325.890 | 1313.550
1332.010 | 1315.750
1330.270 | 1320.500
1339.540 | 1327.650
1349.460 | 1355.570
1352.620 | 1342.750
1352.570 | 1324.940
1328.620 | 1321.800
1330.100 | 1300.890
1315.160 | 1302.450
1316.180 | 1304.270
1325.510 | 1308.100
1325.170 | 1315.040
1342.210 | 1318.410
1327.080 | 1318.090
1340.170 | 1323.600
1344.760 | 1335.350
1341.250 | 1331.780
